Webots Project File version R2025a
perspectives: 000000ff00000000fd00000002000000010000011c00000347fc0200000001fb0000001400540065007800740045006400690074006f0072000000001d000003470000003f00ffffff0000000300000a00000002d4fc0100000001fb0000001a0043006f006e0073006f006c00650041006c006c0041006c006c010000000000000a00000000000000000000000a00000005ec00000001000000020000000100000008fc00000000
simulationViewPerspectives: 000000ff000000010000000200000000000009fe0100000002010000000100
sceneTreePerspectives: 000000ff000000010000000300000026000000c0000000fa0100000002010000000200
minimizedPerspectives: 000000ff00000000fd00000002000000010000011c000004f9fc0200000001fb0000001400540065007800740045006400690074006f0072000000001d000004f90000004400ffffff0000000300000a00000001b2fc0100000001fb0000001a0043006f006e0073006f006c00650041006c006c0041006c006c010000000000000a000000006900ffffff00000a000000042500000001000000020000000100000008fc00000000
maximizedDockId: -1
centralWidgetVisible: 1
projectionMode: PERSPECTIVE
renderingMode: PLAIN
orthographicViewHeight: 3.07597
textFiles: -1
globalOptionalRendering: LidarPointClouds::LidarRaysPaths
renderingDevicePerspectives: 0:vehicle:camera_back;0;1;0;0
renderingDevicePerspectives: 0:vehicle:camera_driver;0;1.21167;0;0
renderingDevicePerspectives: 0:vehicle:camera_front;0;0.8;0;0
renderingDevicePerspectives: 0:vehicle:camera_left;0;1;0;0
renderingDevicePerspectives: 0:vehicle:camera_right;0;1;0;0
renderingDevicePerspectives: 0:vehicle:camera_third_person;1;0.494138;0;0
renderingDevicePerspectives: 0:vehicle:range-finder;0;1;0;0
